0000000000000001000000000000000000000000000000000000000000000000
0000000000000001000000000000000011111111111111111111111100110111
0000000000000000111111111111111111111111111111111111111001101110
0000000000000000111111111111110111111111111111111111110110100101
0000000000000000111111111111101111111111111111111111110011011100
0000000000000000111111111111100011111111111111111111110000010011
0000000000000000111111111111010111111111111111111111101101001010
0000000000000000111111111111000111111111111111111111101010000001
0000000000000000111111111110110011111111111111111111100110111000
0000000000000000111111111110011111111111111111111111100011101111
0000000000000000111111111110000111111111111111111111100000100110
0000000000000000111111111101101111111111111111111111011101011101
0000000000000000111111111101010011111111111111111111011010010100
0000000000000000111111111100110011111111111111111111010111001011
0000000000000000111111111100010011111111111111111111010100000010
0000000000000000111111111011101111111111111111111111010000111001
0000000000000000111111111011000111111111111111111111001101110000
0000000000000000111111111010011111111111111111111111001010100111
0000000000000000111111111001110011111111111111111111000111011111
0000000000000000111111111001000111111111111111111111000100010110
0000000000000000111111111000010111111111111111111111000001001101
0000000000000000111111110111100011111111111111111110111110000101
0000000000000000111111110110101111111111111111111110111010111100
0000000000000000111111110101110111111111111111111110110111110011
0000000000000000111111110100111011111111111111111110110100101011
0000000000000000111111110011111111111111111111111110110001100010
0000000000000000111111110011000011111111111111111110101110011010
0000000000000000111111110001111111111111111111111110101011010010
0000000000000000111111110000111011111111111111111110101000001001
0000000000000000111111101111110111111111111111111110100101000001
0000000000000000111111101110101111111111111111111110100001111001
0000000000000000111111101101100011111111111111111110011110110000
0000000000000000111111101100010011111111111111111110011011101000
0000000000000000111111101011000011111111111111111110011000100000
0000000000000000111111101001110011111111111111111110010101011000
0000000000000000111111101000011111111111111111111110010010010000
0000000000000000111111100111000111111111111111111110001111001000
0000000000000000111111100101101011111111111111111110001100000001
0000000000000000111111100100001111111111111111111110001000111001
0000000000000000111111100010101111111111111111111110000101110001
0000000000000000111111100001001111111111111111111110000010101010
0000000000000000111111011111101011111111111111111101111111100010
0000000000000000111111011110000111111111111111111101111100011011
0000000000000000111111011100011111111111111111111101111001010011
0000000000000000111111011010110011111111111111111101110110001100
0000000000000000111111011001000011111111111111111101110011000101
0000000000000000111111010111010011111111111111111101101111111110
0000000000000000111111010101100011111111111111111101101100110111
0000000000000000111111010011101111111111111111111101101001110000
0000000000000000111111010001110111111111111111111101100110101001
0000000000000000111111001111111011111111111111111101100011100010
0000000000000000111111001101111111111111111111111101100000011100
0000000000000000111111001100000011111111111111111101011101010101
0000000000000000111111001010000011111111111111111101011010001111
0000000000000000111111000111111111111111111111111101010111001000
0000000000000000111111000101110111111111111111111101010100000010
0000000000000000111111000011101111111111111111111101010000111100
0000000000000000111111000001100011111111111111111101001101110110
0000000000000000111110111111010111111111111111111101001010110000
0000000000000000111110111101000111111111111111111101000111101010
0000000000000000111110111010110111111111111111111101000100100100
0000000000000000111110111000100011111111111111111101000001011111
0000000000000000111110110110001011111111111111111100111110011001
0000000000000000111110110011110011111111111111111100111011010100
0000000000000000111110110001010111111111111111111100111000001111
0000000000000000111110101110110111111111111111111100110101001001
0000000000000000111110101100010111111111111111111100110010000100
0000000000000000111110101001110011111111111111111100101111000000
0000000000000000111110100111001111111111111111111100101011111011
0000000000000000111110100100100111111111111111111100101000110110
0000000000000000111110100001111111111111111111111100100101110010
0000000000000000111110011111001111111111111111111100100010101101
0000000000000000111110011100100011111111111111111100011111101001
0000000000000000111110011001101111111111111111111100011100100101
0000000000000000111110010110111011111111111111111100011001100001
0000000000000000111110010100000111111111111111111100010110011101
0000000000000000111110010001001111111111111111111100010011011001
0000000000000000111110001110010011111111111111111100010000010110
0000000000000000111110001011010011111111111111111100001101010010
0000000000000000111110001000010111111111111111111100001010001111
0000000000000000111110000101010011111111111111111100000111001100
0000000000000000111110000010001111111111111111111100000100001001
0000000000000000111101111111000111111111111111111100000001000110
0000000000000000111101111011111111111111111111111011111110000100
0000000000000000111101111000110011111111111111111011111011000001
0000000000000000111101110101100011111111111111111011110111111111
0000000000000000111101110010010011111111111111111011110100111101
0000000000000000111101101110111111111111111111111011110001111011
0000000000000000111101101011101011111111111111111011101110111001
0000000000000000111101101000010011111111111111111011101011110111
0000000000000000111101100100111011111111111111111011101000110101
0000000000000000111101100001011011111111111111111011100101110100
0000000000000000111101011101111111111111111111111011100010110011
0000000000000000111101011010011011111111111111111011011111110010
0000000000000000111101010110111011111111111111111011011100110001
0000000000000000111101010011010011111111111111111011011001110000
0000000000000000111101001111101011111111111111111011010110110000
0000000000000000111101001011111111111111111111111011010011110000
0000000000000000111101001000010011111111111111111011010000101111
0000000000000000111101000100100011111111111111111011001101110000
0000000000000000111101000000110011111111111111111011001010110000
0000000000000000111100111100111111111111111111111011000111110000
0000000000000000111100111001000111111111111111111011000100110001
0000000000000000111100110101001111111111111111111011000001110010
0000000000000000111100110001010011111111111111111010111110110011
0000000000000000111100101101010111111111111111111010111011110100
0000000000000000111100101001010111111111111111111010111000110101
0000000000000000111100100101010011111111111111111010110101110111
0000000000000000111100100001001111111111111111111010110010111000
0000000000000000111100011101001011111111111111111010101111111010
0000000000000000111100011000111111111111111111111010101100111101
0000000000000000111100010100110011111111111111111010101001111111
0000000000000000111100010000100111111111111111111010100111000010
0000000000000000111100001100010111111111111111111010100100000100
0000000000000000111100001000000011111111111111111010100001000111
0000000000000000111100000011101111111111111111111010011110001011
0000000000000000111011111111010111111111111111111010011011001110
0000000000000000111011111010111111111111111111111010011000010010
0000000000000000111011110110100011111111111111111010010101010110
0000000000000000111011110010000111111111111111111010010010011010
0000000000000000111011101101100111111111111111111010001111011110
0000000000000000111011101001000011111111111111111010001100100010
0000000000000000111011100100011111111111111111111010001001100111
0000000000000000111011011111110111111111111111111010000110101100
0000000000000000111011011011001111111111111111111010000011110001
0000000000000000111011010110100011111111111111111010000000110111
0000000000000000111011010001110011111111111111111001111101111100
0000000000000000111011001101000011111111111111111001111011000010
0000000000000000111011001000001111111111111111111001111000001000
0000000000000000111011000011011011111111111111111001110101001111
0000000000000000111010111110100011111111111111111001110010010101
0000000000000000111010111001101011111111111111111001101111011100
0000000000000000111010110100101111111111111111111001101100100011
0000000000000000111010101111110011111111111111111001101001101011
0000000000000000111010101010101111111111111111111001100110110010
0000000000000000111010100101101111111111111111111001100011111010
0000000000000000111010100000101011111111111111111001100001000010
0000000000000000111010011011100011111111111111111001011110001010
0000000000000000111010010110011011111111111111111001011011010011
0000000000000000111010010001001111111111111111111001011000011100
0000000000000000111010001011111111111111111111111001010101100101
0000000000000000111010000110101111111111111111111001010010101110
0000000000000000111010000001011111111111111111111001001111111000
0000000000000000111001111100001011111111111111111001001101000010
0000000000000000111001110110110011111111111111111001001010001100
0000000000000000111001110001011011111111111111111001000111010110
0000000000000000111001101011111111111111111111111001000100100001
0000000000000000111001100110011111111111111111111001000001101100
0000000000000000111001100001000011111111111111111000111110110111
0000000000000000111001011011011111111111111111111000111100000010
0000000000000000111001010101111011111111111111111000111001001110
0000000000000000111001010000010011111111111111111000110110011010
0000000000000000111001001010101011111111111111111000110011100110
0000000000000000111001000101000011111111111111111000110000110011
0000000000000000111000111111010011111111111111111000101110000000
0000000000000000111000111001100111111111111111111000101011001101
0000000000000000111000110011110011111111111111111000101000011010
0000000000000000111000101101111111111111111111111000100101101000
0000000000000000111000101000001011111111111111111000100010110110
0000000000000000111000100010010011111111111111111000100000000100
0000000000000000111000011100011011111111111111111000011101010011
0000000000000000111000010110011111111111111111111000011010100001
0000000000000000111000010000011111111111111111111000010111110000
0000000000000000111000001010011111111111111111111000010101000000
0000000000000000111000000100011011111111111111111000010010010000
0000000000000000110111111110010111111111111111111000001111100000
0000000000000000110111111000001111111111111111111000001100110000
0000000000000000110111110010000111111111111111111000001010000001
0000000000000000110111101011111011111111111111111000000111010001
0000000000000000110111100101101111111111111111111000000100100011
0000000000000000110111011111011111111111111111111000000001110100
0000000000000000110111011001001011111111111111110111111111000110
0000000000000000110111010010110111111111111111110111111100011000
0000000000000000110111001100100011111111111111110111111001101011
0000000000000000110111000110001011111111111111110111110110111101
0000000000000000110110111111101111111111111111110111110100010000
0000000000000000110110111001010011111111111111110111110001100100
0000000000000000110110110010110011111111111111110111101110110111
0000000000000000110110101100010011111111111111110111101100001011
0000000000000000110110100101110011111111111111110111101001100000
0000000000000000110110011111001011111111111111110111100110110100
0000000000000000110110011000100111111111111111110111100100001001
0000000000000000110110010001111011111111111111110111100001011111
0000000000000000110110001011010011111111111111110111011110110100
0000000000000000110110000100100011111111111111110111011100001010
0000000000000000110101111101110011111111111111110111011001100001
0000000000000000110101110111000011111111111111110111010110110111
0000000000000000110101110000001111111111111111110111010100001110
0000000000000000110101101001011011111111111111110111010001100110
0000000000000000110101100010100011111111111111110111001110111101
0000000000000000110101011011101011111111111111110111001100010101
0000000000000000110101010100101111111111111111110111001001101101
0000000000000000110101001101101111111111111111110111000111000110
0000000000000000110101000110101111111111111111110111000100011111
0000000000000000110100111111101111111111111111110111000001111000
0000000000000000110100111000101011111111111111110110111111010010
0000000000000000110100110001100011111111111111110110111100101100
0000000000000000110100101010011011111111111111110110111010000111
0000000000000000110100100011010011111111111111110110110111100001
0000000000000000110100011100000111111111111111110110110100111100
0000000000000000110100010100110111111111111111110110110010011000
0000000000000000110100001101100111111111111111110110101111110100
0000000000000000110100000110010111111111111111110110101101010000
0000000000000000110011111111000011111111111111110110101010101100
0000000000000000110011110111101011111111111111110110101000001001
0000000000000000110011110000010011111111111111110110100101100110
0000000000000000110011101000111011111111111111110110100011000100
0000000000000000110011100001011111111111111111110110100000100010
0000000000000000110011011001111111111111111111110110011110000000
0000000000000000110011010010011111111111111111110110011011011111
0000000000000000110011001010111011111111111111110110011000111110
0000000000000000110011000011010111111111111111110110010110011101
0000000000000000110010111011110011111111111111110110010011111101
0000000000000000110010110100001011111111111111110110010001011101
0000000000000000110010101100011111111111111111110110001110111110
0000000000000000110010100100110111111111111111110110001100011111
0000000000000000110010011101000111111111111111110110001010000000
0000000000000000110010010101010111111111111111110110000111100010
0000000000000000110010001101100111111111111111110110000101000100
0000000000000000110010000101110011111111111111110110000010100110
0000000000000000110001111101111011111111111111110110000000001001
0000000000000000110001110110000111111111111111110101111101101100
0000000000000000110001101110001011111111111111110101111011010000
0000000000000000110001100110001111111111111111110101111000110100
0000000000000000110001011110010011111111111111110101110110011000
0000000000000000110001010110010011111111111111110101110011111101
0000000000000000110001001110010011111111111111110101110001100010
0000000000000000110001000110001111111111111111110101101111001000
0000000000000000110000111110001011111111111111110101101100101110
0000000000000000110000110110000011111111111111110101101010010100
0000000000000000110000101101111011111111111111110101100111111011
0000000000000000110000100101110011111111111111110101100101100010
0000000000000000110000011101100011111111111111110101100011001010
0000000000000000110000010101010111111111111111110101100000110010
0000000000000000110000001101000111111111111111110101011110011010
0000000000000000110000000100110011111111111111110101011100000011
0000000000000000101111111100011111111111111111110101011001101100
0000000000000000101111110100001011111111111111110101010111010110
0000000000000000101111101011110011111111111111110101010100111111
0000000000000000101111100011011011111111111111110101010010101010
0000000000000000101111011010111111111111111111110101010000010101
0000000000000000101111010010100011111111111111110101001110000000
0000000000000000101111001010000011111111111111110101001011101100
0000000000000000101111000001100011111111111111110101001001011000
0000000000000000101110111000111111111111111111110101000111000100
0000000000000000101110110000011011111111111111110101000100110001
0000000000000000101110100111110111111111111111110101000010011110
0000000000000000101110011111001111111111111111110101000000001100
0000000000000000101110010110100011111111111111110100111101111010
0000000000000000101110001101110111111111111111110100111011101001
0000000000000000101110000101001011111111111111110100111001011000
0000000000000000101101111100011011111111111111110100110111000111
0000000000000000101101110011101011111111111111110100110100110111
0000000000000000101101101010110111111111111111110100110010101000
0000000000000000101101100010000011111111111111110100110000011000
0000000000000000101101011001001111111111111111110100101110001001
0000000000000000101101010000010111111111111111110100101011111011
0000000000000000101101000111011111111111111111110100101001101101
0000000000000000101100111110100011111111111111110100100111100000
0000000000000000101100110101100011111111111111110100100101010011
0000000000000000101100101100100111111111111111110100100011000110
0000000000000000101100100011100111111111111111110100100000111010
0000000000000000101100011010100011111111111111110100011110101110
0000000000000000101100010001011111111111111111110100011100100011
0000000000000000101100001000011011111111111111110100011010011000
0000000000000000101011111111010011111111111111110100011000001101
0000000000000000101011110110001011111111111111110100010110000011
0000000000000000101011101100111111111111111111110100010011111010
0000000000000000101011100011110011111111111111110100010001110001
0000000000000000101011011010100011111111111111110100001111101000
0000000000000000101011010001010011111111111111110100001101100000
0000000000000000101011001000000011111111111111110100001011011000
0000000000000000101010111110101111111111111111110100001001010001
0000000000000000101010110101011011111111111111110100000111001010
0000000000000000101010101100000111111111111111110100000101000100
0000000000000000101010100010101011111111111111110100000010111110
0000000000000000101010011001010011111111111111110100000000111001
0000000000000000101010001111110111111111111111110011111110110100
0000000000000000101010000110011011111111111111110011111100101111
0000000000000000101001111100111011111111111111110011111010101011
0000000000000000101001110011011011111111111111110011111000101000
0000000000000000101001101001111011111111111111110011110110100100
0000000000000000101001100000010111111111111111110011110100100010
0000000000000000101001010110110011111111111111110011110010100000
0000000000000000101001001101001011111111111111110011110000011110
0000000000000000101001000011100011111111111111110011101110011101
0000000000000000101000111001111011111111111111110011101100011100
0000000000000000101000110000001111111111111111110011101010011100
0000000000000000101000100110100011111111111111110011101000011100
0000000000000000101000011100110011111111111111110011100110011101
0000000000000000101000010011000011111111111111110011100100011110
0000000000000000101000001001010011111111111111110011100010011111
0000000000000000100111111111011111111111111111110011100000100010
0000000000000000100111110101101011111111111111110011011110100100
0000000000000000100111101011110011111111111111110011011100100111
0000000000000000100111100001111011111111111111110011011010101011
0000000000000000100111011000000011111111111111110011011000101111
0000000000000000100111001110000111111111111111110011010110110011
0000000000000000100111000100001011111111111111110011010100111001
0000000000000000100110111010001111111111111111110011010010111110
0000000000000000100110110000001111111111111111110011010001000100
0000000000000000100110100110001111111111111111110011001111001011
0000000000000000100110011100001011111111111111110011001101010010
0000000000000000100110010010000111111111111111110011001011011001
0000000000000000100110001000000011111111111111110011001001100001
0000000000000000100101111101111011111111111111110011000111101001
0000000000000000100101110011110011111111111111110011000101110010
0000000000000000100101101001101011111111111111110011000011111100
0000000000000000100101011111011111111111111111110011000010000110
0000000000000000100101010101010011111111111111110011000000010000
0000000000000000100101001011000011111111111111110010111110011011
0000000000000000100101000000110011111111111111110010111100100111
0000000000000000100100110110100011111111111111110010111010110011
0000000000000000100100101100010011111111111111110010111000111111
0000000000000000100100100001111111111111111111110010110111001100
0000000000000000100100010111100111111111111111110010110101011010
0000000000000000100100001101010011111111111111110010110011101000
0000000000000000100100000010111011111111111111110010110001110110
0000000000000000100011111000100011111111111111110010110000000101
0000000000000000100011101110000111111111111111110010101110010101
0000000000000000100011100011101011111111111111110010101100100101
0000000000000000100011011001001111111111111111110010101010110101
0000000000000000100011001110101111111111111111110010101001000110
0000000000000000100011000100001111111111111111110010100111011000
0000000000000000100010111001101011111111111111110010100101101010
0000000000000000100010101111001011111111111111110010100011111101
0000000000000000100010100100100111111111111111110010100010010000
0000000000000000100010011001111111111111111111110010100000100100
0000000000000000100010001111011011111111111111110010011110111000
0000000000000000100010000100110011111111111111110010011101001100
0000000000000000100001111010000111111111111111110010011011100010
0000000000000000100001101111011111111111111111110010011001110111
0000000000000000100001100100110011111111111111110010011000001110
0000000000000000100001011010000011111111111111110010010110100100
0000000000000000100001001111010111111111111111110010010100111100
0000000000000000100001000100100111111111111111110010010011010100
0000000000000000100000111001110011111111111111110010010001101100
0000000000000000100000101111000011111111111111110010010000000101
0000000000000000100000100100001111111111111111110010001110011110
0000000000000000100000011001010111111111111111110010001100111000
0000000000000000100000001110100011111111111111110010001011010011
0000000000000000100000000011101011111111111111110010001001101110
0000000000000000011111111000110011111111111111110010001000001001
0000000000000000011111101101110111111111111111110010000110100101
0000000000000000011111100010111111111111111111110010000101000010
0000000000000000011111010111111111111111111111110010000011011111
0000000000000000011111001101000011111111111111110010000001111101
0000000000000000011111000010000011111111111111110010000000011011
0000000000000000011110110111000011111111111111110001111110111010
0000000000000000011110101100000011111111111111110001111101011001
0000000000000000011110100001000011111111111111110001111011111001
0000000000000000011110010101111111111111111111110001111010011001
0000000000000000011110001010110111111111111111110001111000111010
0000000000000000011101111111110011111111111111110001110111011100
0000000000000000011101110100101011111111111111110001110101111110
0000000000000000011101101001100011111111111111110001110100100001
0000000000000000011101011110011011111111111111110001110011000100
0000000000000000011101010011001111111111111111110001110001100111
0000000000000000011101001000000011111111111111110001110000001100
0000000000000000011100111100110111111111111111110001101110110000
0000000000000000011100110001101011111111111111110001101101010110
0000000000000000011100100110011011111111111111110001101011111100
0000000000000000011100011011001011111111111111110001101010100010
0000000000000000011100001111111011111111111111110001101001001001
0000000000000000011100000100100111111111111111110001100111110000
0000000000000000011011111001010011111111111111110001100110011001
0000000000000000011011101101111111111111111111110001100101000001
0000000000000000011011100010101011111111111111110001100011101010
0000000000000000011011010111010011111111111111110001100010010100
0000000000000000011011001011111011111111111111110001100000111110
0000000000000000011011000000100011111111111111110001011111101001
0000000000000000011010110101001011111111111111110001011110010101
0000000000000000011010101001101111111111111111110001011101000001
0000000000000000011010011110010011111111111111110001011011101101
0000000000000000011010010010110111111111111111110001011010011010
0000000000000000011010000111011011111111111111110001011001001000
0000000000000000011001111011111011111111111111110001010111110110
0000000000000000011001110000011011111111111111110001010110100101
0000000000000000011001100100111011111111111111110001010101010101
0000000000000000011001011001010111111111111111110001010100000100
0000000000000000011001001101110111111111111111110001010010110101
0000000000000000011001000010010011111111111111110001010001100110
0000000000000000011000110110101111111111111111110001010000011000
0000000000000000011000101011000111111111111111110001001111001010
0000000000000000011000011111100011111111111111110001001101111101
0000000000000000011000010011111011111111111111110001001100110000
0000000000000000011000001000010011111111111111110001001011100100
0000000000000000010111111100100111111111111111110001001010011000
0000000000000000010111110000111111111111111111110001001001001101
0000000000000000010111100101010011111111111111110001001000000011
0000000000000000010111011001100111111111111111110001000110111001
0000000000000000010111001101111011111111111111110001000101110000
0000000000000000010111000010001011111111111111110001000100100111
0000000000000000010110110110011011111111111111110001000011011111
0000000000000000010110101010101011111111111111110001000010011000
0000000000000000010110011110111011111111111111110001000001010001
0000000000000000010110010011001011111111111111110001000000001011
0000000000000000010110000111010111111111111111110000111111000101
0000000000000000010101111011100111111111111111110000111110000000
0000000000000000010101101111110011111111111111110000111100111011
0000000000000000010101100011111011111111111111110000111011110111
0000000000000000010101011000000111111111111111110000111010110100
0000000000000000010101001100001111111111111111110000111001110001
0000000000000000010101000000011011111111111111110000111000101110
0000000000000000010100110100100011111111111111110000110111101101
0000000000000000010100101000100111111111111111110000110110101100
0000000000000000010100011100101111111111111111110000110101101011
0000000000000000010100010000110011111111111111110000110100101011
0000000000000000010100000100110111111111111111110000110011101100
0000000000000000010011111000111011111111111111110000110010101101
0000000000000000010011101100111111111111111111110000110001101111
0000000000000000010011100001000011111111111111110000110000110001
0000000000000000010011010101000011111111111111110000101111110100
0000000000000000010011001001000011111111111111110000101110111000
0000000000000000010010111101000111111111111111110000101101111100
0000000000000000010010110001000011111111111111110000101101000001
0000000000000000010010100101000011111111111111110000101100000110
0000000000000000010010011001000011111111111111110000101011001100
0000000000000000010010001100111111111111111111110000101010010010
0000000000000000010010000000111011111111111111110000101001011010
0000000000000000010001110100110111111111111111110000101000100001
0000000000000000010001101000110011111111111111110000100111101010
0000000000000000010001011100101111111111111111110000100110110010
0000000000000000010001010000100111111111111111110000100101111100
0000000000000000010001000100011111111111111111110000100101000110
0000000000000000010000111000010111111111111111110000100100010001
0000000000000000010000101100001111111111111111110000100011011100
0000000000000000010000100000000111111111111111110000100010101000
0000000000000000010000010011111111111111111111110000100001110100
0000000000000000010000000111110011111111111111110000100001000001
0000000000000000001111111011101011111111111111110000100000001111
0000000000000000001111101111011111111111111111110000011111011101
0000000000000000001111100011010011111111111111110000011110101100
0000000000000000001111010111000111111111111111110000011101111011
0000000000000000001111001010111011111111111111110000011101001100
0000000000000000001110111110101011111111111111110000011100011100
0000000000000000001110110010011111111111111111110000011011101101
0000000000000000001110100110001111111111111111110000011010111111
0000000000000000001110011001111111111111111111110000011010010010
0000000000000000001110001101101111111111111111110000011001100101
0000000000000000001110000001011111111111111111110000011000111000
0000000000000000001101110101001111111111111111110000011000001101
0000000000000000001101101000111011111111111111110000010111100001
0000000000000000001101011100101011111111111111110000010110110111
0000000000000000001101010000010111111111111111110000010110001101
0000000000000000001101000100000011111111111111110000010101100100
0000000000000000001100110111110011111111111111110000010100111011
0000000000000000001100101011011111111111111111110000010100010011
0000000000000000001100011111000111111111111111110000010011101011
0000000000000000001100010010110011111111111111110000010011000100
0000000000000000001100000110011111111111111111110000010010011110
0000000000000000001011111010000111111111111111110000010001111000
0000000000000000001011101101110011111111111111110000010001010011
0000000000000000001011100001011011111111111111110000010000101111
0000000000000000001011010101000011111111111111110000010000001011
0000000000000000001011001000101011111111111111110000001111101000
0000000000000000001010111100010011111111111111110000001111000101
0000000000000000001010101111111011111111111111110000001110100011
0000000000000000001010100011100011111111111111110000001110000001
0000000000000000001010010111000111111111111111110000001101100000
0000000000000000001010001010101111111111111111110000001101000000
0000000000000000001001111110010011111111111111110000001100100001
0000000000000000001001110001111011111111111111110000001100000010
0000000000000000001001100101011111111111111111110000001011100011
0000000000000000001001011001000011111111111111110000001011000101
0000000000000000001001001100100111111111111111110000001010101000
0000000000000000001001000000001011111111111111110000001010001100
0000000000000000001000110011101111111111111111110000001001110000
0000000000000000001000100111010011111111111111110000001001010100
0000000000000000001000011010110111111111111111110000001000111001
0000000000000000001000001110010111111111111111110000001000011111
0000000000000000001000000001111011111111111111110000001000000110
0000000000000000000111110101011011111111111111110000000111101101
0000000000000000000111101000111111111111111111110000000111010101
0000000000000000000111011100011111111111111111110000000110111101
0000000000000000000111001111111111111111111111110000000110100110
0000000000000000000111000011100011111111111111110000000110001111
0000000000000000000110110111000011111111111111110000000101111001
0000000000000000000110101010100011111111111111110000000101100100
0000000000000000000110011110000011111111111111110000000101010000
0000000000000000000110010001100011111111111111110000000100111100
0000000000000000000110000101000011111111111111110000000100101000
0000000000000000000101111000011111111111111111110000000100010101
0000000000000000000101101011111111111111111111110000000100000011
0000000000000000000101011111011111111111111111110000000011110010
0000000000000000000101010010111011111111111111110000000011100001
0000000000000000000101000110011011111111111111110000000011010000
0000000000000000000100111001111011111111111111110000000011000001
0000000000000000000100101101010111111111111111110000000010110010
0000000000000000000100100000110111111111111111110000000010100011
0000000000000000000100010100010011111111111111110000000010010101
0000000000000000000100000111101111111111111111110000000010001000
0000000000000000000011111011001111111111111111110000000001111011
0000000000000000000011101110101011111111111111110000000001101111
0000000000000000000011100010000111111111111111110000000001100100
0000000000000000000011010101100111111111111111110000000001011001
0000000000000000000011001001000011111111111111110000000001001111
0000000000000000000010111100011111111111111111110000000001000101
0000000000000000000010101111111011111111111111110000000000111100
0000000000000000000010100011010111111111111111110000000000110100
0000000000000000000010010110110011111111111111110000000000101100
0000000000000000000010001010001111111111111111110000000000100101
0000000000000000000001111101101011111111111111110000000000011111
0000000000000000000001110001000111111111111111110000000000011001
0000000000000000000001100100100011111111111111110000000000010100
0000000000000000000001010111111111111111111111110000000000001111
0000000000000000000001001011011011111111111111110000000000001011
0000000000000000000000111110110111111111111111110000000000001000
0000000000000000000000110010010011111111111111110000000000000101
0000000000000000000000100101101111111111111111110000000000000011
0000000000000000000000011001001011111111111111110000000000000001
0000000000000000000000001100100111111111111111110000000000000000
0000000000000000000000000000000011111111111111110000000000000000
1111111111111111111111110011011111111111111111110000000000000000
1111111111111111111111100110111011111111111111110000000000000001
1111111111111111111111011010010111111111111111110000000000000011
1111111111111111111111001101110011111111111111110000000000000101
1111111111111111111111000001001111111111111111110000000000001000
1111111111111111111110110100101011111111111111110000000000001011
1111111111111111111110101000000111111111111111110000000000001111
1111111111111111111110011011100011111111111111110000000000010100
1111111111111111111110001110111111111111111111110000000000011001
1111111111111111111110000010011011111111111111110000000000011111
1111111111111111111101110101110111111111111111110000000000100101
1111111111111111111101101001010011111111111111110000000000101100
1111111111111111111101011100101111111111111111110000000000110100
1111111111111111111101010000001011111111111111110000000000111100
1111111111111111111101000011100111111111111111110000000001000101
1111111111111111111100110111000011111111111111110000000001001111
1111111111111111111100101010011111111111111111110000000001011001
1111111111111111111100011101111111111111111111110000000001100100
1111111111111111111100010001011011111111111111110000000001101111
1111111111111111111100000100110111111111111111110000000001111011
1111111111111111111011111000010111111111111111110000000010001000
1111111111111111111011101011110011111111111111110000000010010101
1111111111111111111011011111001111111111111111110000000010100011
1111111111111111111011010010101111111111111111110000000010110010
1111111111111111111011000110001011111111111111110000000011000001
1111111111111111111010111001101011111111111111110000000011010000
1111111111111111111010101101001011111111111111110000000011100001
1111111111111111111010100000100111111111111111110000000011110010
1111111111111111111010010100000111111111111111110000000100000011
1111111111111111111010000111100111111111111111110000000100010101
1111111111111111111001111011000011111111111111110000000100101000
1111111111111111111001101110100011111111111111110000000100111100
1111111111111111111001100010000011111111111111110000000101010000
1111111111111111111001010101100011111111111111110000000101100100
1111111111111111111001001001000011111111111111110000000101111001
1111111111111111111000111100100011111111111111110000000110001111
1111111111111111111000110000000111111111111111110000000110100110
1111111111111111111000100011100111111111111111110000000110111101
1111111111111111111000010111000111111111111111110000000111010101
1111111111111111111000001010101011111111111111110000000111101101
1111111111111111110111111110001011111111111111110000001000000110
1111111111111111110111110001101111111111111111110000001000011111
1111111111111111110111100101001111111111111111110000001000111001
1111111111111111110111011000110011111111111111110000001001010100
1111111111111111110111001100010111111111111111110000001001110000
1111111111111111110110111111111011111111111111110000001010001100
1111111111111111110110110011011111111111111111110000001010101000
1111111111111111110110100111000011111111111111110000001011000101
1111111111111111110110011010100111111111111111110000001011100011
1111111111111111110110001110001011111111111111110000001100000010
1111111111111111110110000001110011111111111111110000001100100001
1111111111111111110101110101010111111111111111110000001101000000
1111111111111111110101101000111111111111111111110000001101100000
1111111111111111110101011100100011111111111111110000001110000001
1111111111111111110101010000001011111111111111110000001110100011
1111111111111111110101000011110011111111111111110000001111000101
1111111111111111110100110111011011111111111111110000001111101000
1111111111111111110100101011000011111111111111110000010000001011
1111111111111111110100011110101011111111111111110000010000101111
1111111111111111110100010010010011111111111111110000010001010011
1111111111111111110100000101111111111111111111110000010001111000
1111111111111111110011111001100111111111111111110000010010011110
1111111111111111110011101101010011111111111111110000010011000100
1111111111111111110011100000111111111111111111110000010011101011
1111111111111111110011010100100111111111111111110000010100010011
1111111111111111110011001000010011111111111111110000010100111011
1111111111111111110010111100000011111111111111110000010101100100
1111111111111111110010101111101111111111111111110000010110001101
1111111111111111110010100011011011111111111111110000010110110111
1111111111111111110010010111001011111111111111110000010111100001
1111111111111111110010001010110111111111111111110000011000001101
1111111111111111110001111110100111111111111111110000011000111000
1111111111111111110001110010010111111111111111110000011001100101
1111111111111111110001100110000111111111111111110000011010010010
1111111111111111110001011001110111111111111111110000011010111111
1111111111111111110001001101100111111111111111110000011011101101
1111111111111111110001000001011011111111111111110000011100011100
1111111111111111110000110101001011111111111111110000011101001100
1111111111111111110000101000111111111111111111110000011101111011
1111111111111111110000011100110011111111111111110000011110101100
1111111111111111110000010000100111111111111111110000011111011101
1111111111111111110000000100011011111111111111110000100000001111
1111111111111111101111111000010011111111111111110000100001000001
1111111111111111101111101100000111111111111111110000100001110100
1111111111111111101111011111111111111111111111110000100010101000
1111111111111111101111010011110111111111111111110000100011011100
1111111111111111101111000111101111111111111111110000100100010001
1111111111111111101110111011100111111111111111110000100101000110
1111111111111111101110101111011111111111111111110000100101111100
1111111111111111101110100011010111111111111111110000100110110010
1111111111111111101110010111010011111111111111110000100111101010
1111111111111111101110001011001111111111111111110000101000100001
1111111111111111101101111111001011111111111111110000101001011010
1111111111111111101101110011000111111111111111110000101010010010
1111111111111111101101100111000011111111111111110000101011001100
1111111111111111101101011011000011111111111111110000101100000110
1111111111111111101101001111000011111111111111110000101101000001
1111111111111111101101000010111111111111111111110000101101111100
1111111111111111101100110111000011111111111111110000101110111000
1111111111111111101100101011000011111111111111110000101111110100
1111111111111111101100011111000011111111111111110000110000110001
1111111111111111101100010011000111111111111111110000110001101111
1111111111111111101100000111001011111111111111110000110010101101
1111111111111111101011111011001111111111111111110000110011101100
1111111111111111101011101111010011111111111111110000110100101011
1111111111111111101011100011010111111111111111110000110101101011
1111111111111111101011010111011111111111111111110000110110101100
1111111111111111101011001011100011111111111111110000110111101101
1111111111111111101010111111101011111111111111110000111000101110
1111111111111111101010110011110111111111111111110000111001110001
1111111111111111101010100111111111111111111111110000111010110100
1111111111111111101010011100001011111111111111110000111011110111
1111111111111111101010010000010011111111111111110000111100111011
1111111111111111101010000100011111111111111111110000111110000000
1111111111111111101001111000101111111111111111110000111111000101
1111111111111111101001101100111011111111111111110001000000001011
1111111111111111101001100001001011111111111111110001000001010001
1111111111111111101001010101011011111111111111110001000010011000
1111111111111111101001001001101011111111111111110001000011011111
1111111111111111101000111101111011111111111111110001000100100111
1111111111111111101000110010001011111111111111110001000101110000
1111111111111111101000100110011111111111111111110001000110111001
1111111111111111101000011010110011111111111111110001001000000011
1111111111111111101000001111000111111111111111110001001001001101
1111111111111111101000000011011111111111111111110001001010011000
1111111111111111100111110111110011111111111111110001001011100100
1111111111111111100111101100001011111111111111110001001100110000
1111111111111111100111100000100011111111111111110001001101111101
1111111111111111100111010100111111111111111111110001001111001010
1111111111111111100111001001010111111111111111110001010000011000
1111111111111111100110111101110011111111111111110001010001100110
1111111111111111100110110010001111111111111111110001010010110101
1111111111111111100110100110101111111111111111110001010100000100
1111111111111111100110011011001011111111111111110001010101010101
1111111111111111100110001111101011111111111111110001010110100101
1111111111111111100110000100001011111111111111110001010111110110
1111111111111111100101111000101011111111111111110001011001001000
1111111111111111100101101101001111111111111111110001011010011010
1111111111111111100101100001110011111111111111110001011011101101
1111111111111111100101010110010111111111111111110001011101000001
1111111111111111100101001010111011111111111111110001011110010101
1111111111111111100100111111100011111111111111110001011111101001
1111111111111111100100110100001011111111111111110001100000111110
1111111111111111100100101000110011111111111111110001100010010100
1111111111111111100100011101011011111111111111110001100011101010
1111111111111111100100010010000111111111111111110001100101000001
1111111111111111100100000110110011111111111111110001100110011001
1111111111111111100011111011011111111111111111110001100111110000
1111111111111111100011110000001011111111111111110001101001001001
1111111111111111100011100100111011111111111111110001101010100010
1111111111111111100011011001101011111111111111110001101011111100
1111111111111111100011001110011011111111111111110001101101010110
1111111111111111100011000011001111111111111111110001101110110000
1111111111111111100010111000000011111111111111110001110000001100
1111111111111111100010101100110111111111111111110001110001100111
1111111111111111100010100001101011111111111111110001110011000100
1111111111111111100010010110100011111111111111110001110100100001
1111111111111111100010001011011011111111111111110001110101111110
1111111111111111100010000000010011111111111111110001110111011100
1111111111111111100001110101001111111111111111110001111000111010
1111111111111111100001101010000111111111111111110001111010011001
1111111111111111100001011111000011111111111111110001111011111001
1111111111111111100001010100000011111111111111110001111101011001
1111111111111111100001001001000011111111111111110001111110111010
1111111111111111100000111110000011111111111111110010000000011011
1111111111111111100000110011000011111111111111110010000001111101
1111111111111111100000101000000111111111111111110010000011011111
1111111111111111100000011101000111111111111111110010000101000010
1111111111111111100000010010001111111111111111110010000110100101
1111111111111111100000000111010011111111111111110010001000001001
1111111111111111011111111100011011111111111111110010001001101110
1111111111111111011111110001100011111111111111110010001011010011
1111111111111111011111100110101111111111111111110010001100111000
1111111111111111011111011011110111111111111111110010001110011110
1111111111111111011111010001000011111111111111110010010000000101
1111111111111111011111000110010011111111111111110010010001101100
1111111111111111011110111011011111111111111111110010010011010100
1111111111111111011110110000101111111111111111110010010100111100
1111111111111111011110100110000011111111111111110010010110100100
1111111111111111011110011011010011111111111111110010011000001110
1111111111111111011110010000100111111111111111110010011001110111
1111111111111111011110000101111111111111111111110010011011100010
1111111111111111011101111011010011111111111111110010011101001100
1111111111111111011101110000101011111111111111110010011110111000
1111111111111111011101100110000111111111111111110010100000100100
1111111111111111011101011011011111111111111111110010100010010000
1111111111111111011101010000111011111111111111110010100011111101
1111111111111111011101000110011011111111111111110010100101101010
1111111111111111011100111011110111111111111111110010100111011000
1111111111111111011100110001010111111111111111110010101001000110
1111111111111111011100100110110111111111111111110010101010110101
1111111111111111011100011100011011111111111111110010101100100101
1111111111111111011100010001111111111111111111110010101110010101
1111111111111111011100000111100011111111111111110010110000000101
1111111111111111011011111101001011111111111111110010110001110110
1111111111111111011011110010110011111111111111110010110011101000
1111111111111111011011101000011111111111111111110010110101011010
1111111111111111011011011110000111111111111111110010110111001100
1111111111111111011011010011110011111111111111110010111000111111
1111111111111111011011001001100011111111111111110010111010110011
1111111111111111011010111111010011111111111111110010111100100111
1111111111111111011010110101000011111111111111110010111110011011
1111111111111111011010101010110011111111111111110011000000010000
1111111111111111011010100000100111111111111111110011000010000110
1111111111111111011010010110011011111111111111110011000011111100
1111111111111111011010001100010011111111111111110011000101110010
1111111111111111011010000010001011111111111111110011000111101001
1111111111111111011001111000000011111111111111110011001001100001
1111111111111111011001101101111111111111111111110011001011011001
1111111111111111011001100011111011111111111111110011001101010010
1111111111111111011001011001110111111111111111110011001111001011
1111111111111111011001001111110111111111111111110011010001000100
1111111111111111011001000101110111111111111111110011010010111110
1111111111111111011000111011111011111111111111110011010100111001
1111111111111111011000110001111111111111111111110011010110110011
1111111111111111011000101000000011111111111111110011011000101111
1111111111111111011000011110001011111111111111110011011010101011
1111111111111111011000010100010011111111111111110011011100100111
1111111111111111011000001010011011111111111111110011011110100100
1111111111111111011000000000100111111111111111110011100000100010
1111111111111111010111110110110011111111111111110011100010011111
1111111111111111010111101101000011111111111111110011100100011110
1111111111111111010111100011010011111111111111110011100110011101
1111111111111111010111011001100011111111111111110011101000011100
1111111111111111010111001111110111111111111111110011101010011100
1111111111111111010111000110001011111111111111110011101100011100
1111111111111111010110111100100011111111111111110011101110011101
1111111111111111010110110010111011111111111111110011110000011110
1111111111111111010110101001010011111111111111110011110010100000
1111111111111111010110011111101111111111111111110011110100100010
1111111111111111010110010110001011111111111111110011110110100100
1111111111111111010110001100101011111111111111110011111000101000
1111111111111111010110000011001011111111111111110011111010101011
1111111111111111010101111001101011111111111111110011111100101111
1111111111111111010101110000001111111111111111110011111110110100
1111111111111111010101100110110011111111111111110100000000111001
1111111111111111010101011101011011111111111111110100000010111110
1111111111111111010101010011111111111111111111110100000101000100
1111111111111111010101001010101011111111111111110100000111001010
1111111111111111010101000001010111111111111111110100001001010001
1111111111111111010100111000000011111111111111110100001011011000
1111111111111111010100101110110011111111111111110100001101100000
1111111111111111010100100101100011111111111111110100001111101000
1111111111111111010100011100010011111111111111110100010001110001
1111111111111111010100010011000111111111111111110100010011111010
1111111111111111010100001001111011111111111111110100010110000011
1111111111111111010100000000110011111111111111110100011000001101
1111111111111111010011110111101011111111111111110100011010011000
1111111111111111010011101110100111111111111111110100011100100011
1111111111111111010011100101100011111111111111110100011110101110
1111111111111111010011011100011111111111111111110100100000111010
1111111111111111010011010011011111111111111111110100100011000110
1111111111111111010011001010100011111111111111110100100101010011
1111111111111111010011000001100011111111111111110100100111100000
1111111111111111010010111000100111111111111111110100101001101101
1111111111111111010010101111101111111111111111110100101011111011
1111111111111111010010100110110111111111111111110100101110001001
1111111111111111010010011110000011111111111111110100110000011000
1111111111111111010010010101001111111111111111110100110010101000
1111111111111111010010001100011011111111111111110100110100110111
1111111111111111010010000011101011111111111111110100110111000111
1111111111111111010001111010111011111111111111110100111001011000
1111111111111111010001110010001111111111111111110100111011101001
1111111111111111010001101001100011111111111111110100111101111010
1111111111111111010001100000110111111111111111110101000000001100
1111111111111111010001011000001111111111111111110101000010011110
1111111111111111010001001111101011111111111111110101000100110001
1111111111111111010001000111000111111111111111110101000111000100
1111111111111111010000111110100011111111111111110101001001011000
1111111111111111010000110110000011111111111111110101001011101100
1111111111111111010000101101100011111111111111110101001110000000
1111111111111111010000100101000111111111111111110101010000010101
1111111111111111010000011100101011111111111111110101010010101010
1111111111111111010000010100010011111111111111110101010100111111
1111111111111111010000001011111011111111111111110101010111010110
1111111111111111010000000011100111111111111111110101011001101100
1111111111111111001111111011010011111111111111110101011100000011
1111111111111111001111110010111111111111111111110101011110011010
1111111111111111001111101010101111111111111111110101100000110010
1111111111111111001111100010100011111111111111110101100011001010
1111111111111111001111011010010011111111111111110101100101100010
1111111111111111001111010010001011111111111111110101100111111011
1111111111111111001111001010000011111111111111110101101010010100
1111111111111111001111000001111011111111111111110101101100101110
1111111111111111001110111001110111111111111111110101101111001000
1111111111111111001110110001110011111111111111110101110001100010
1111111111111111001110101001110011111111111111110101110011111101
1111111111111111001110100001110011111111111111110101110110011000
1111111111111111001110011001110111111111111111110101111000110100
1111111111111111001110010001111011111111111111110101111011010000
1111111111111111001110001001111111111111111111110101111101101100
1111111111111111001110000010001011111111111111110110000000001001
1111111111111111001101111010010011111111111111110110000010100110
1111111111111111001101110010011111111111111111110110000101000100
1111111111111111001101101010101111111111111111110110000111100010
1111111111111111001101100010111111111111111111110110001010000000
1111111111111111001101011011001111111111111111110110001100011111
1111111111111111001101010011100111111111111111110110001110111110
1111111111111111001101001011111011111111111111110110010001011101
1111111111111111001101000100010011111111111111110110010011111101
1111111111111111001100111100101111111111111111110110010110011101
1111111111111111001100110101001011111111111111110110011000111110
1111111111111111001100101101100111111111111111110110011011011111
1111111111111111001100100110000111111111111111110110011110000000
1111111111111111001100011110100111111111111111110110100000100010
1111111111111111001100010111001011111111111111110110100011000100
1111111111111111001100001111110011111111111111110110100101100110
1111111111111111001100001000011011111111111111110110101000001001
1111111111111111001100000001000011111111111111110110101010101100
1111111111111111001011111001101111111111111111110110101101010000
1111111111111111001011110010011111111111111111110110101111110100
1111111111111111001011101011001111111111111111110110110010011000
1111111111111111001011100011111111111111111111110110110100111100
1111111111111111001011011100110011111111111111110110110111100001
1111111111111111001011010101101011111111111111110110111010000111
1111111111111111001011001110100011111111111111110110111100101100
1111111111111111001011000111011011111111111111110110111111010010
1111111111111111001011000000010111111111111111110111000001111000
1111111111111111001010111001010111111111111111110111000100011111
1111111111111111001010110010010111111111111111110111000111000110
1111111111111111001010101011010111111111111111110111001001101101
1111111111111111001010100100011011111111111111110111001100010101
1111111111111111001010011101100011111111111111110111001110111101
1111111111111111001010010110101011111111111111110111010001100110
1111111111111111001010001111110111111111111111110111010100001110
1111111111111111001010001001000011111111111111110111010110110111
1111111111111111001010000010010011111111111111110111011001100001
1111111111111111001001111011100011111111111111110111011100001010
1111111111111111001001110100110011111111111111110111011110110100
1111111111111111001001101110001011111111111111110111100001011111
1111111111111111001001100111011111111111111111110111100100001001
1111111111111111001001100000111011111111111111110111100110110100
1111111111111111001001011010010011111111111111110111101001100000
1111111111111111001001010011110011111111111111110111101100001011
1111111111111111001001001101010011111111111111110111101110110111
1111111111111111001001000110110011111111111111110111110001100100
1111111111111111001001000000010111111111111111110111110100010000
1111111111111111001000111001111011111111111111110111110110111101
1111111111111111001000110011100011111111111111110111111001101011
1111111111111111001000101101001111111111111111110111111100011000
1111111111111111001000100110111011111111111111110111111111000110
1111111111111111001000100000100111111111111111111000000001110100
1111111111111111001000011010010111111111111111111000000100100011
1111111111111111001000010100001011111111111111111000000111010001
1111111111111111001000001101111111111111111111111000001010000001
1111111111111111001000000111110111111111111111111000001100110000
1111111111111111001000000001101111111111111111111000001111100000
1111111111111111000111111011101011111111111111111000010010010000
1111111111111111000111110101100111111111111111111000010101000000
1111111111111111000111101111100111111111111111111000010111110000
1111111111111111000111101001100111111111111111111000011010100001
1111111111111111000111100011101011111111111111111000011101010011
1111111111111111000111011101110011111111111111111000100000000100
1111111111111111000111010111111011111111111111111000100010110110
1111111111111111000111010010000111111111111111111000100101101000
1111111111111111000111001100010011111111111111111000101000011010
1111111111111111000111000110011111111111111111111000101011001101
1111111111111111000111000000110011111111111111111000101110000000
1111111111111111000110111011000011111111111111111000110000110011
1111111111111111000110110101011011111111111111111000110011100110
1111111111111111000110101111110011111111111111111000110110011010
1111111111111111000110101010001011111111111111111000111001001110
1111111111111111000110100100100111111111111111111000111100000010
1111111111111111000110011111000011111111111111111000111110110111
1111111111111111000110011001100111111111111111111001000001101100
1111111111111111000110010100000111111111111111111001000100100001
1111111111111111000110001110101011111111111111111001000111010110
1111111111111111000110001001010011111111111111111001001010001100
1111111111111111000110000011111011111111111111111001001101000010
1111111111111111000101111110100111111111111111111001001111111000
1111111111111111000101111001010111111111111111111001010010101110
1111111111111111000101110100000111111111111111111001010101100101
1111111111111111000101101110110111111111111111111001011000011100
1111111111111111000101101001101011111111111111111001011011010011
1111111111111111000101100100100011111111111111111001011110001010
1111111111111111000101011111011011111111111111111001100001000010
1111111111111111000101011010010111111111111111111001100011111010
1111111111111111000101010101010111111111111111111001100110110010
1111111111111111000101010000010011111111111111111001101001101011
1111111111111111000101001011010111111111111111111001101100100011
1111111111111111000101000110011011111111111111111001101111011100
1111111111111111000101000001100011111111111111111001110010010101
1111111111111111000100111100101011111111111111111001110101001111
1111111111111111000100110111110111111111111111111001111000001000
1111111111111111000100110011000011111111111111111001111011000010
1111111111111111000100101110010011111111111111111001111101111100
1111111111111111000100101001100011111111111111111010000000110111
1111111111111111000100100100110111111111111111111010000011110001
1111111111111111000100100000001111111111111111111010000110101100
1111111111111111000100011011100111111111111111111010001001100111
1111111111111111000100010111000011111111111111111010001100100010
1111111111111111000100010010011111111111111111111010001111011110
1111111111111111000100001101111111111111111111111010010010011010
1111111111111111000100001001100011111111111111111010010101010110
1111111111111111000100000101000111111111111111111010011000010010
1111111111111111000100000000101111111111111111111010011011001110
1111111111111111000011111100010111111111111111111010011110001011
1111111111111111000011111000000011111111111111111010100001000111
1111111111111111000011110011101111111111111111111010100100000100
1111111111111111000011101111011111111111111111111010100111000010
1111111111111111000011101011010011111111111111111010101001111111
1111111111111111000011100111000111111111111111111010101100111101
1111111111111111000011100010111011111111111111111010101111111010
1111111111111111000011011110110111111111111111111010110010111000
1111111111111111000011011010110011111111111111111010110101110111
1111111111111111000011010110101111111111111111111010111000110101
1111111111111111000011010010101111111111111111111010111011110100
1111111111111111000011001110110011111111111111111010111110110011
1111111111111111000011001010110111111111111111111011000001110010
1111111111111111000011000110111111111111111111111011000100110001
1111111111111111000011000011000111111111111111111011000111110000
1111111111111111000010111111010011111111111111111011001010110000
1111111111111111000010111011100011111111111111111011001101110000
1111111111111111000010110111110011111111111111111011010000101111
1111111111111111000010110100000111111111111111111011010011110000
1111111111111111000010110000011011111111111111111011010110110000
1111111111111111000010101100110011111111111111111011011001110000
1111111111111111000010101001001011111111111111111011011100110001
1111111111111111000010100101101011111111111111111011011111110010
1111111111111111000010100010000111111111111111111011100010110011
1111111111111111000010011110101011111111111111111011100101110100
1111111111111111000010011011001011111111111111111011101000110101
1111111111111111000010010111110011111111111111111011101011110111
1111111111111111000010010100011011111111111111111011101110111001
1111111111111111000010010001000111111111111111111011110001111011
1111111111111111000010001101110011111111111111111011110100111101
1111111111111111000010001010100011111111111111111011110111111111
1111111111111111000010000111010011111111111111111011111011000001
1111111111111111000010000100000111111111111111111011111110000100
1111111111111111000010000000111111111111111111111100000001000110
1111111111111111000001111101110111111111111111111100000100001001
1111111111111111000001111010110011111111111111111100000111001100
1111111111111111000001110111101111111111111111111100001010001111
1111111111111111000001110100110011111111111111111100001101010010
1111111111111111000001110001110011111111111111111100010000010110
1111111111111111000001101110110111111111111111111100010011011001
1111111111111111000001101011111111111111111111111100010110011101
1111111111111111000001101001001011111111111111111100011001100001
1111111111111111000001100110010111111111111111111100011100100101
1111111111111111000001100011100011111111111111111100011111101001
1111111111111111000001100000110111111111111111111100100010101101
1111111111111111000001011110000111111111111111111100100101110010
1111111111111111000001011011011111111111111111111100101000110110
1111111111111111000001011000110111111111111111111100101011111011
1111111111111111000001010110010011111111111111111100101111000000
1111111111111111000001010011101111111111111111111100110010000100
1111111111111111000001010001001111111111111111111100110101001001
1111111111111111000001001110101111111111111111111100111000001111
1111111111111111000001001100010011111111111111111100111011010100
1111111111111111000001001001111011111111111111111100111110011001
1111111111111111000001000111100011111111111111111101000001011111
1111111111111111000001000101001111111111111111111101000100100100
1111111111111111000001000010111111111111111111111101000111101010
1111111111111111000001000000101111111111111111111101001010110000
1111111111111111000000111110100011111111111111111101001101110110
1111111111111111000000111100010111111111111111111101010000111100
1111111111111111000000111010001111111111111111111101010100000010
1111111111111111000000111000000111111111111111111101010111001000
1111111111111111000000110110000011111111111111111101011010001111
1111111111111111000000110100000011111111111111111101011101010101
1111111111111111000000110010000111111111111111111101100000011100
1111111111111111000000110000001011111111111111111101100011100010
1111111111111111000000101110001111111111111111111101100110101001
1111111111111111000000101100010111111111111111111101101001110000
1111111111111111000000101010100011111111111111111101101100110111
1111111111111111000000101000110011111111111111111101101111111110
1111111111111111000000100111000011111111111111111101110011000101
1111111111111111000000100101010011111111111111111101110110001100
1111111111111111000000100011100111111111111111111101111001010011
1111111111111111000000100001111111111111111111111101111100011011
1111111111111111000000100000011011111111111111111101111111100010
1111111111111111000000011110110111111111111111111110000010101010
1111111111111111000000011101010111111111111111111110000101110001
1111111111111111000000011011110111111111111111111110001000111001
1111111111111111000000011010011011111111111111111110001100000001
1111111111111111000000011000111111111111111111111110001111001000
1111111111111111000000010111100111111111111111111110010010010000
1111111111111111000000010110010011111111111111111110010101011000
1111111111111111000000010101000011111111111111111110011000100000
1111111111111111000000010011110011111111111111111110011011101000
1111111111111111000000010010100011111111111111111110011110110000
1111111111111111000000010001010111111111111111111110100001111001
1111111111111111000000010000001111111111111111111110100101000001
1111111111111111000000001111001011111111111111111110101000001001
1111111111111111000000001110000111111111111111111110101011010010
1111111111111111000000001101000011111111111111111110101110011010
1111111111111111000000001100000111111111111111111110110001100010
1111111111111111000000001011001011111111111111111110110100101011
1111111111111111000000001010001111111111111111111110110111110011
1111111111111111000000001001010111111111111111111110111010111100
1111111111111111000000001000100011111111111111111110111110000101
1111111111111111000000000111101111111111111111111111000001001101
1111111111111111000000000110111111111111111111111111000100010110
1111111111111111000000000110010011111111111111111111000111011111
1111111111111111000000000101100111111111111111111111001010100111
1111111111111111000000000100111111111111111111111111001101110000
1111111111111111000000000100010111111111111111111111010000111001
1111111111111111000000000011110011111111111111111111010100000010
1111111111111111000000000011010011111111111111111111010111001011
1111111111111111000000000010110011111111111111111111011010010100
1111111111111111000000000010010111111111111111111111011101011101
1111111111111111000000000001111111111111111111111111100000100110
1111111111111111000000000001100111111111111111111111100011101111
1111111111111111000000000001010011111111111111111111100110111000
1111111111111111000000000000111111111111111111111111101010000001
1111111111111111000000000000101111111111111111111111101101001010
1111111111111111000000000000100011111111111111111111110000010011
1111111111111111000000000000010111111111111111111111110011011100
1111111111111111000000000000001111111111111111111111110110100101
1111111111111111000000000000000111111111111111111111111001101110
1111111111111111000000000000000011111111111111111111111100110111
