0000000000000001000000000000000000000000000000000000000000000000
0000000000000000111111111111101111111111111111111111110011011100
0000000000000000111111111110110011111111111111111111100110111000
0000000000000000111111111101010011111111111111111111011010010100
0000000000000000111111111011000111111111111111111111001101110000
0000000000000000111111111000010111111111111111111111000001001101
0000000000000000111111110100111011111111111111111110110100101011
0000000000000000111111110000111011111111111111111110101000001001
0000000000000000111111101100010011111111111111111110011011101000
0000000000000000111111100111000111111111111111111110001111001000
0000000000000000111111100001001111111111111111111110000010101010
0000000000000000111111011010110011111111111111111101110110001100
0000000000000000111111010011101111111111111111111101101001110000
0000000000000000111111001100000011111111111111111101011101010101
0000000000000000111111000011101111111111111111111101010000111100
0000000000000000111110111010110111111111111111111101000100100100
0000000000000000111110110001010111111111111111111100111000001111
0000000000000000111110100111001111111111111111111100101011111011
0000000000000000111110011100100011111111111111111100011111101001
0000000000000000111110010001001111111111111111111100010011011001
0000000000000000111110000101010011111111111111111100000111001100
0000000000000000111101111000110011111111111111111011111011000001
0000000000000000111101101011101011111111111111111011101110111001
0000000000000000111101011101111111111111111111111011100010110011
0000000000000000111101001111101011111111111111111011010110110000
0000000000000000111101000000110011111111111111111011001010110000
0000000000000000111100110001010011111111111111111010111110110011
0000000000000000111100100001001111111111111111111010110010111000
0000000000000000111100010000100111111111111111111010100111000010
0000000000000000111011111111010111111111111111111010011011001110
0000000000000000111011101101100111111111111111111010001111011110
0000000000000000111011011011001111111111111111111010000011110001
0000000000000000111011001000001111111111111111111001111000001000
0000000000000000111010110100101111111111111111111001101100100011
0000000000000000111010100000101011111111111111111001100001000010
0000000000000000111010001011111111111111111111111001010101100101
0000000000000000111001110110110011111111111111111001001010001100
0000000000000000111001100001000011111111111111111000111110110111
0000000000000000111001001010101011111111111111111000110011100110
0000000000000000111000110011110011111111111111111000101000011010
0000000000000000111000011100011011111111111111111000011101010011
0000000000000000111000000100011011111111111111111000010010010000
0000000000000000110111101011111011111111111111111000000111010001
0000000000000000110111010010110111111111111111110111111100011000
0000000000000000110110111001010011111111111111110111110001100100
0000000000000000110110011111001011111111111111110111100110110100
0000000000000000110110000100100011111111111111110111011100001010
0000000000000000110101101001011011111111111111110111010001100110
0000000000000000110101001101101111111111111111110111000111000110
0000000000000000110100110001100011111111111111110110111100101100
0000000000000000110100010100110111111111111111110110110010011000
0000000000000000110011110111101011111111111111110110101000001001
0000000000000000110011011001111111111111111111110110011110000000
0000000000000000110010111011110011111111111111110110010011111101
0000000000000000110010011101000111111111111111110110001010000000
0000000000000000110001111101111011111111111111110110000000001001
0000000000000000110001011110010011111111111111110101110110011000
0000000000000000110000111110001011111111111111110101101100101110
0000000000000000110000011101100011111111111111110101100011001010
0000000000000000101111111100011111111111111111110101011001101100
0000000000000000101111011010111111111111111111110101010000010101
0000000000000000101110111000111111111111111111110101000111000100
0000000000000000101110010110100011111111111111110100111101111010
0000000000000000101101110011101011111111111111110100110100110111
0000000000000000101101010000010111111111111111110100101011111011
0000000000000000101100101100100111111111111111110100100011000110
0000000000000000101100001000011011111111111111110100011010011000
0000000000000000101011100011110011111111111111110100010001110001
0000000000000000101010111110101111111111111111110100001001010001
0000000000000000101010011001010011111111111111110100000000111001
0000000000000000101001110011011011111111111111110011111000101000
0000000000000000101001001101001011111111111111110011110000011110
0000000000000000101000100110100011111111111111110011101000011100
0000000000000000100111111111011111111111111111110011100000100010
0000000000000000100111011000000011111111111111110011011000101111
0000000000000000100110110000001111111111111111110011010001000100
0000000000000000100110001000000011111111111111110011001001100001
0000000000000000100101011111011111111111111111110011000010000110
0000000000000000100100110110100011111111111111110010111010110011
0000000000000000100100001101010011111111111111110010110011101000
0000000000000000100011100011101011111111111111110010101100100101
0000000000000000100010111001101011111111111111110010100101101010
0000000000000000100010001111011011111111111111110010011110111000
0000000000000000100001100100110011111111111111110010011000001110
0000000000000000100000111001110011111111111111110010010001101100
0000000000000000100000001110100011111111111111110010001011010011
0000000000000000011111100010111111111111111111110010000101000010
0000000000000000011110110111000011111111111111110001111110111010
0000000000000000011110001010110111111111111111110001111000111010
0000000000000000011101011110011011111111111111110001110011000100
0000000000000000011100110001101011111111111111110001101101010110
0000000000000000011100000100100111111111111111110001100111110000
0000000000000000011011010111010011111111111111110001100010010100
0000000000000000011010101001101111111111111111110001011101000001
0000000000000000011001111011111011111111111111110001010111110110
0000000000000000011001001101110111111111111111110001010010110101
0000000000000000011000011111100011111111111111110001001101111101
0000000000000000010111110000111111111111111111110001001001001101
0000000000000000010111000010001011111111111111110001000100100111
0000000000000000010110010011001011111111111111110001000000001011
0000000000000000010101100011111011111111111111110000111011110111
0000000000000000010100110100100011111111111111110000110111101101
0000000000000000010100000100110111111111111111110000110011101100
0000000000000000010011010101000011111111111111110000101111110100
0000000000000000010010100101000011111111111111110000101100000110
0000000000000000010001110100110111111111111111110000101000100001
0000000000000000010001000100011111111111111111110000100101000110
0000000000000000010000010011111111111111111111110000100001110100
0000000000000000001111100011010011111111111111110000011110101100
0000000000000000001110110010011111111111111111110000011011101101
0000000000000000001110000001011111111111111111110000011000111000
0000000000000000001101010000010111111111111111110000010110001101
0000000000000000001100011111000111111111111111110000010011101011
0000000000000000001011101101110011111111111111110000010001010011
0000000000000000001010111100010011111111111111110000001111000101
0000000000000000001010001010101111111111111111110000001101000000
0000000000000000001001011001000011111111111111110000001011000101
0000000000000000001000100111010011111111111111110000001001010100
0000000000000000000111110101011011111111111111110000000111101101
0000000000000000000111000011100011111111111111110000000110001111
0000000000000000000110010001100011111111111111110000000100111100
0000000000000000000101011111011111111111111111110000000011110010
0000000000000000000100101101010111111111111111110000000010110010
0000000000000000000011111011001111111111111111110000000001111011
0000000000000000000011001001000011111111111111110000000001001111
0000000000000000000010010110110011111111111111110000000000101100
0000000000000000000001100100100011111111111111110000000000010100
0000000000000000000000110010010011111111111111110000000000000101
0000000000000000000000000000000011111111111111110000000000000000
1111111111111111111111001101110011111111111111110000000000000101
1111111111111111111110011011100011111111111111110000000000010100
1111111111111111111101101001010011111111111111110000000000101100
1111111111111111111100110111000011111111111111110000000001001111
1111111111111111111100000100110111111111111111110000000001111011
1111111111111111111011010010101111111111111111110000000010110010
1111111111111111111010100000100111111111111111110000000011110010
1111111111111111111001101110100011111111111111110000000100111100
1111111111111111111000111100100011111111111111110000000110001111
1111111111111111111000001010101011111111111111110000000111101101
1111111111111111110111011000110011111111111111110000001001010100
1111111111111111110110100111000011111111111111110000001011000101
1111111111111111110101110101010111111111111111110000001101000000
1111111111111111110101000011110011111111111111110000001111000101
1111111111111111110100010010010011111111111111110000010001010011
1111111111111111110011100000111111111111111111110000010011101011
1111111111111111110010101111101111111111111111110000010110001101
1111111111111111110001111110100111111111111111110000011000111000
1111111111111111110001001101100111111111111111110000011011101101
1111111111111111110000011100110011111111111111110000011110101100
1111111111111111101111101100000111111111111111110000100001110100
1111111111111111101110111011100111111111111111110000100101000110
1111111111111111101110001011001111111111111111110000101000100001
1111111111111111101101011011000011111111111111110000101100000110
1111111111111111101100101011000011111111111111110000101111110100
1111111111111111101011111011001111111111111111110000110011101100
1111111111111111101011001011100011111111111111110000110111101101
1111111111111111101010011100001011111111111111110000111011110111
1111111111111111101001101100111011111111111111110001000000001011
1111111111111111101000111101111011111111111111110001000100100111
1111111111111111101000001111000111111111111111110001001001001101
1111111111111111100111100000100011111111111111110001001101111101
1111111111111111100110110010001111111111111111110001010010110101
1111111111111111100110000100001011111111111111110001010111110110
1111111111111111100101010110010111111111111111110001011101000001
1111111111111111100100101000110011111111111111110001100010010100
1111111111111111100011111011011111111111111111110001100111110000
1111111111111111100011001110011011111111111111110001101101010110
1111111111111111100010100001101011111111111111110001110011000100
1111111111111111100001110101001111111111111111110001111000111010
1111111111111111100001001001000011111111111111110001111110111010
1111111111111111100000011101000111111111111111110010000101000010
1111111111111111011111110001100011111111111111110010001011010011
1111111111111111011111000110010011111111111111110010010001101100
1111111111111111011110011011010011111111111111110010011000001110
1111111111111111011101110000101011111111111111110010011110111000
1111111111111111011101000110011011111111111111110010100101101010
1111111111111111011100011100011011111111111111110010101100100101
1111111111111111011011110010110011111111111111110010110011101000
1111111111111111011011001001100011111111111111110010111010110011
1111111111111111011010100000100111111111111111110011000010000110
1111111111111111011001111000000011111111111111110011001001100001
1111111111111111011001001111110111111111111111110011010001000100
1111111111111111011000101000000011111111111111110011011000101111
1111111111111111011000000000100111111111111111110011100000100010
1111111111111111010111011001100011111111111111110011101000011100
1111111111111111010110110010111011111111111111110011110000011110
1111111111111111010110001100101011111111111111110011111000101000
1111111111111111010101100110110011111111111111110100000000111001
1111111111111111010101000001010111111111111111110100001001010001
1111111111111111010100011100010011111111111111110100010001110001
1111111111111111010011110111101011111111111111110100011010011000
1111111111111111010011010011011111111111111111110100100011000110
1111111111111111010010101111101111111111111111110100101011111011
1111111111111111010010001100011011111111111111110100110100110111
1111111111111111010001101001100011111111111111110100111101111010
1111111111111111010001000111000111111111111111110101000111000100
1111111111111111010000100101000111111111111111110101010000010101
1111111111111111010000000011100111111111111111110101011001101100
1111111111111111001111100010100011111111111111110101100011001010
1111111111111111001111000001111011111111111111110101101100101110
1111111111111111001110100001110011111111111111110101110110011000
1111111111111111001110000010001011111111111111110110000000001001
1111111111111111001101100010111111111111111111110110001010000000
1111111111111111001101000100010011111111111111110110010011111101
1111111111111111001100100110000111111111111111110110011110000000
1111111111111111001100001000011011111111111111110110101000001001
1111111111111111001011101011001111111111111111110110110010011000
1111111111111111001011001110100011111111111111110110111100101100
1111111111111111001010110010010111111111111111110111000111000110
1111111111111111001010010110101011111111111111110111010001100110
1111111111111111001001111011100011111111111111110111011100001010
1111111111111111001001100000111011111111111111110111100110110100
1111111111111111001001000110110011111111111111110111110001100100
1111111111111111001000101101001111111111111111110111111100011000
1111111111111111001000010100001011111111111111111000000111010001
1111111111111111000111111011101011111111111111111000010010010000
1111111111111111000111100011101011111111111111111000011101010011
1111111111111111000111001100010011111111111111111000101000011010
1111111111111111000110110101011011111111111111111000110011100110
1111111111111111000110011111000011111111111111111000111110110111
1111111111111111000110001001010011111111111111111001001010001100
1111111111111111000101110100000111111111111111111001010101100101
1111111111111111000101011111011011111111111111111001100001000010
1111111111111111000101001011010111111111111111111001101100100011
1111111111111111000100110111110111111111111111111001111000001000
1111111111111111000100100100110111111111111111111010000011110001
1111111111111111000100010010011111111111111111111010001111011110
1111111111111111000100000000101111111111111111111010011011001110
1111111111111111000011101111011111111111111111111010100111000010
1111111111111111000011011110110111111111111111111010110010111000
1111111111111111000011001110110011111111111111111010111110110011
1111111111111111000010111111010011111111111111111011001010110000
1111111111111111000010110000011011111111111111111011010110110000
1111111111111111000010100010000111111111111111111011100010110011
1111111111111111000010010100011011111111111111111011101110111001
1111111111111111000010000111010011111111111111111011111011000001
1111111111111111000001111010110011111111111111111100000111001100
1111111111111111000001101110110111111111111111111100010011011001
1111111111111111000001100011100011111111111111111100011111101001
1111111111111111000001011000110111111111111111111100101011111011
1111111111111111000001001110101111111111111111111100111000001111
1111111111111111000001000101001111111111111111111101000100100100
1111111111111111000000111100010111111111111111111101010000111100
1111111111111111000000110100000011111111111111111101011101010101
1111111111111111000000101100010111111111111111111101101001110000
1111111111111111000000100101010011111111111111111101110110001100
1111111111111111000000011110110111111111111111111110000010101010
1111111111111111000000011000111111111111111111111110001111001000
1111111111111111000000010011110011111111111111111110011011101000
1111111111111111000000001111001011111111111111111110101000001001
1111111111111111000000001011001011111111111111111110110100101011
1111111111111111000000000111101111111111111111111111000001001101
1111111111111111000000000100111111111111111111111111001101110000
1111111111111111000000000010110011111111111111111111011010010100
1111111111111111000000000001010011111111111111111111100110111000
1111111111111111000000000000010111111111111111111111110011011100
