0000000000000001000000000000000000000000000000000000000000000000
0000000000000000111111101100010011111111111111111110011011101000
0000000000000000111110110001010111111111111111111100111000001111
0000000000000000111101001111101011111111111111111011010110110000
0000000000000000111011001000001111111111111111111001111000001000
0000000000000000111000011100011011111111111111111000011101010011
0000000000000000110101001101101111111111111111110111000111000110
0000000000000000110001011110010011111111111111110101110110011000
0000000000000000101101010000010111111111111111110100101011111011
0000000000000000101000100110100011111111111111110011101000011100
0000000000000000100011100011101011111111111111110010101100100101
0000000000000000011110001010110111111111111111110001111000111010
0000000000000000011000011111100011111111111111110001001101111101
0000000000000000010010100101000011111111111111110000101100000110
0000000000000000001100011111000111111111111111110000010011101011
0000000000000000000110010001100011111111111111110000000100111100
0000000000000000000000000000000011111111111111110000000000000000
1111111111111111111001101110100011111111111111110000000100111100
1111111111111111110011100000111111111111111111110000010011101011
1111111111111111101101011011000011111111111111110000101100000110
1111111111111111100111100000100011111111111111110001001101111101
1111111111111111100001110101001111111111111111110001111000111010
1111111111111111011100011100011011111111111111110010101100100101
1111111111111111010111011001100011111111111111110011101000011100
1111111111111111010010101111101111111111111111110100101011111011
1111111111111111001110100001110011111111111111110101110110011000
1111111111111111001010110010010111111111111111110111000111000110
1111111111111111000111100011101011111111111111111000011101010011
1111111111111111000100110111110111111111111111111001111000001000
1111111111111111000010110000011011111111111111111011010110110000
1111111111111111000001001110101111111111111111111100111000001111
1111111111111111000000010011110011111111111111111110011011101000
