0000000000000001000000000000000000000000000000000000000000000000
0000000000000000111111111111111111111111111111111111111001101110
0000000000000000111111111111101111111111111111111111110011011100
0000000000000000111111111111010111111111111111111111101101001010
0000000000000000111111111110110011111111111111111111100110111000
0000000000000000111111111110000111111111111111111111100000100110
0000000000000000111111111101010011111111111111111111011010010100
0000000000000000111111111100010011111111111111111111010100000010
0000000000000000111111111011000111111111111111111111001101110000
0000000000000000111111111001110011111111111111111111000111011111
0000000000000000111111111000010111111111111111111111000001001101
0000000000000000111111110110101111111111111111111110111010111100
0000000000000000111111110100111011111111111111111110110100101011
0000000000000000111111110011000011111111111111111110101110011010
0000000000000000111111110000111011111111111111111110101000001001
0000000000000000111111101110101111111111111111111110100001111001
0000000000000000111111101100010011111111111111111110011011101000
0000000000000000111111101001110011111111111111111110010101011000
0000000000000000111111100111000111111111111111111110001111001000
0000000000000000111111100100001111111111111111111110001000111001
0000000000000000111111100001001111111111111111111110000010101010
0000000000000000111111011110000111111111111111111101111100011011
0000000000000000111111011010110011111111111111111101110110001100
0000000000000000111111010111010011111111111111111101101111111110
0000000000000000111111010011101111111111111111111101101001110000
0000000000000000111111001111111011111111111111111101100011100010
0000000000000000111111001100000011111111111111111101011101010101
0000000000000000111111000111111111111111111111111101010111001000
0000000000000000111111000011101111111111111111111101010000111100
0000000000000000111110111111010111111111111111111101001010110000
0000000000000000111110111010110111111111111111111101000100100100
0000000000000000111110110110001011111111111111111100111110011001
0000000000000000111110110001010111111111111111111100111000001111
0000000000000000111110101100010111111111111111111100110010000100
0000000000000000111110100111001111111111111111111100101011111011
0000000000000000111110100001111111111111111111111100100101110010
0000000000000000111110011100100011111111111111111100011111101001
0000000000000000111110010110111011111111111111111100011001100001
0000000000000000111110010001001111111111111111111100010011011001
0000000000000000111110001011010011111111111111111100001101010010
0000000000000000111110000101010011111111111111111100000111001100
0000000000000000111101111111000111111111111111111100000001000110
0000000000000000111101111000110011111111111111111011111011000001
0000000000000000111101110010010011111111111111111011110100111101
0000000000000000111101101011101011111111111111111011101110111001
0000000000000000111101100100111011111111111111111011101000110101
0000000000000000111101011101111111111111111111111011100010110011
0000000000000000111101010110111011111111111111111011011100110001
0000000000000000111101001111101011111111111111111011010110110000
0000000000000000111101001000010011111111111111111011010000101111
0000000000000000111101000000110011111111111111111011001010110000
0000000000000000111100111001000111111111111111111011000100110001
0000000000000000111100110001010011111111111111111010111110110011
0000000000000000111100101001010111111111111111111010111000110101
0000000000000000111100100001001111111111111111111010110010111000
0000000000000000111100011000111111111111111111111010101100111101
0000000000000000111100010000100111111111111111111010100111000010
0000000000000000111100001000000011111111111111111010100001000111
0000000000000000111011111111010111111111111111111010011011001110
0000000000000000111011110110100011111111111111111010010101010110
0000000000000000111011101101100111111111111111111010001111011110
0000000000000000111011100100011111111111111111111010001001100111
0000000000000000111011011011001111111111111111111010000011110001
0000000000000000111011010001110011111111111111111001111101111100
0000000000000000111011001000001111111111111111111001111000001000
0000000000000000111010111110100011111111111111111001110010010101
0000000000000000111010110100101111111111111111111001101100100011
0000000000000000111010101010101111111111111111111001100110110010
0000000000000000111010100000101011111111111111111001100001000010
0000000000000000111010010110011011111111111111111001011011010011
0000000000000000111010001011111111111111111111111001010101100101
0000000000000000111010000001011111111111111111111001001111111000
0000000000000000111001110110110011111111111111111001001010001100
0000000000000000111001101011111111111111111111111001000100100001
0000000000000000111001100001000011111111111111111000111110110111
0000000000000000111001010101111011111111111111111000111001001110
0000000000000000111001001010101011111111111111111000110011100110
0000000000000000111000111111010011111111111111111000101110000000
0000000000000000111000110011110011111111111111111000101000011010
0000000000000000111000101000001011111111111111111000100010110110
0000000000000000111000011100011011111111111111111000011101010011
0000000000000000111000010000011111111111111111111000010111110000
0000000000000000111000000100011011111111111111111000010010010000
0000000000000000110111111000001111111111111111111000001100110000
0000000000000000110111101011111011111111111111111000000111010001
0000000000000000110111011111011111111111111111111000000001110100
0000000000000000110111010010110111111111111111110111111100011000
0000000000000000110111000110001011111111111111110111110110111101
0000000000000000110110111001010011111111111111110111110001100100
0000000000000000110110101100010011111111111111110111101100001011
0000000000000000110110011111001011111111111111110111100110110100
0000000000000000110110010001111011111111111111110111100001011111
0000000000000000110110000100100011111111111111110111011100001010
0000000000000000110101110111000011111111111111110111010110110111
0000000000000000110101101001011011111111111111110111010001100110
0000000000000000110101011011101011111111111111110111001100010101
0000000000000000110101001101101111111111111111110111000111000110
0000000000000000110100111111101111111111111111110111000001111000
0000000000000000110100110001100011111111111111110110111100101100
0000000000000000110100100011010011111111111111110110110111100001
0000000000000000110100010100110111111111111111110110110010011000
0000000000000000110100000110010111111111111111110110101101010000
0000000000000000110011110111101011111111111111110110101000001001
0000000000000000110011101000111011111111111111110110100011000100
0000000000000000110011011001111111111111111111110110011110000000
0000000000000000110011001010111011111111111111110110011000111110
0000000000000000110010111011110011111111111111110110010011111101
0000000000000000110010101100011111111111111111110110001110111110
0000000000000000110010011101000111111111111111110110001010000000
0000000000000000110010001101100111111111111111110110000101000100
0000000000000000110001111101111011111111111111110110000000001001
0000000000000000110001101110001011111111111111110101111011010000
0000000000000000110001011110010011111111111111110101110110011000
0000000000000000110001001110010011111111111111110101110001100010
0000000000000000110000111110001011111111111111110101101100101110
0000000000000000110000101101111011111111111111110101100111111011
0000000000000000110000011101100011111111111111110101100011001010
0000000000000000110000001101000111111111111111110101011110011010
0000000000000000101111111100011111111111111111110101011001101100
0000000000000000101111101011110011111111111111110101010100111111
0000000000000000101111011010111111111111111111110101010000010101
0000000000000000101111001010000011111111111111110101001011101100
0000000000000000101110111000111111111111111111110101000111000100
0000000000000000101110100111110111111111111111110101000010011110
0000000000000000101110010110100011111111111111110100111101111010
0000000000000000101110000101001011111111111111110100111001011000
0000000000000000101101110011101011111111111111110100110100110111
0000000000000000101101100010000011111111111111110100110000011000
0000000000000000101101010000010111111111111111110100101011111011
0000000000000000101100111110100011111111111111110100100111100000
0000000000000000101100101100100111111111111111110100100011000110
0000000000000000101100011010100011111111111111110100011110101110
0000000000000000101100001000011011111111111111110100011010011000
0000000000000000101011110110001011111111111111110100010110000011
0000000000000000101011100011110011111111111111110100010001110001
0000000000000000101011010001010011111111111111110100001101100000
0000000000000000101010111110101111111111111111110100001001010001
0000000000000000101010101100000111111111111111110100000101000100
0000000000000000101010011001010011111111111111110100000000111001
0000000000000000101010000110011011111111111111110011111100101111
0000000000000000101001110011011011111111111111110011111000101000
0000000000000000101001100000010111111111111111110011110100100010
0000000000000000101001001101001011111111111111110011110000011110
0000000000000000101000111001111011111111111111110011101100011100
0000000000000000101000100110100011111111111111110011101000011100
0000000000000000101000010011000011111111111111110011100100011110
0000000000000000100111111111011111111111111111110011100000100010
0000000000000000100111101011110011111111111111110011011100100111
0000000000000000100111011000000011111111111111110011011000101111
0000000000000000100111000100001011111111111111110011010100111001
0000000000000000100110110000001111111111111111110011010001000100
0000000000000000100110011100001011111111111111110011001101010010
0000000000000000100110001000000011111111111111110011001001100001
0000000000000000100101110011110011111111111111110011000101110010
0000000000000000100101011111011111111111111111110011000010000110
0000000000000000100101001011000011111111111111110010111110011011
0000000000000000100100110110100011111111111111110010111010110011
0000000000000000100100100001111111111111111111110010110111001100
0000000000000000100100001101010011111111111111110010110011101000
0000000000000000100011111000100011111111111111110010110000000101
0000000000000000100011100011101011111111111111110010101100100101
0000000000000000100011001110101111111111111111110010101001000110
0000000000000000100010111001101011111111111111110010100101101010
0000000000000000100010100100100111111111111111110010100010010000
0000000000000000100010001111011011111111111111110010011110111000
0000000000000000100001111010000111111111111111110010011011100010
0000000000000000100001100100110011111111111111110010011000001110
0000000000000000100001001111010111111111111111110010010100111100
0000000000000000100000111001110011111111111111110010010001101100
0000000000000000100000100100001111111111111111110010001110011110
0000000000000000100000001110100011111111111111110010001011010011
0000000000000000011111111000110011111111111111110010001000001001
0000000000000000011111100010111111111111111111110010000101000010
0000000000000000011111001101000011111111111111110010000001111101
0000000000000000011110110111000011111111111111110001111110111010
0000000000000000011110100001000011111111111111110001111011111001
0000000000000000011110001010110111111111111111110001111000111010
0000000000000000011101110100101011111111111111110001110101111110
0000000000000000011101011110011011111111111111110001110011000100
0000000000000000011101001000000011111111111111110001110000001100
0000000000000000011100110001101011111111111111110001101101010110
0000000000000000011100011011001011111111111111110001101010100010
0000000000000000011100000100100111111111111111110001100111110000
0000000000000000011011101101111111111111111111110001100101000001
0000000000000000011011010111010011111111111111110001100010010100
0000000000000000011011000000100011111111111111110001011111101001
0000000000000000011010101001101111111111111111110001011101000001
0000000000000000011010010010110111111111111111110001011010011010
0000000000000000011001111011111011111111111111110001010111110110
0000000000000000011001100100111011111111111111110001010101010101
0000000000000000011001001101110111111111111111110001010010110101
0000000000000000011000110110101111111111111111110001010000011000
0000000000000000011000011111100011111111111111110001001101111101
0000000000000000011000001000010011111111111111110001001011100100
0000000000000000010111110000111111111111111111110001001001001101
0000000000000000010111011001100111111111111111110001000110111001
0000000000000000010111000010001011111111111111110001000100100111
0000000000000000010110101010101011111111111111110001000010011000
0000000000000000010110010011001011111111111111110001000000001011
0000000000000000010101111011100111111111111111110000111110000000
0000000000000000010101100011111011111111111111110000111011110111
0000000000000000010101001100001111111111111111110000111001110001
0000000000000000010100110100100011111111111111110000110111101101
0000000000000000010100011100101111111111111111110000110101101011
0000000000000000010100000100110111111111111111110000110011101100
0000000000000000010011101100111111111111111111110000110001101111
0000000000000000010011010101000011111111111111110000101111110100
0000000000000000010010111101000111111111111111110000101101111100
0000000000000000010010100101000011111111111111110000101100000110
0000000000000000010010001100111111111111111111110000101010010010
0000000000000000010001110100110111111111111111110000101000100001
0000000000000000010001011100101111111111111111110000100110110010
0000000000000000010001000100011111111111111111110000100101000110
0000000000000000010000101100001111111111111111110000100011011100
0000000000000000010000010011111111111111111111110000100001110100
0000000000000000001111111011101011111111111111110000100000001111
0000000000000000001111100011010011111111111111110000011110101100
0000000000000000001111001010111011111111111111110000011101001100
0000000000000000001110110010011111111111111111110000011011101101
0000000000000000001110011001111111111111111111110000011010010010
0000000000000000001110000001011111111111111111110000011000111000
0000000000000000001101101000111011111111111111110000010111100001
0000000000000000001101010000010111111111111111110000010110001101
0000000000000000001100110111110011111111111111110000010100111011
0000000000000000001100011111000111111111111111110000010011101011
0000000000000000001100000110011111111111111111110000010010011110
0000000000000000001011101101110011111111111111110000010001010011
0000000000000000001011010101000011111111111111110000010000001011
0000000000000000001010111100010011111111111111110000001111000101
0000000000000000001010100011100011111111111111110000001110000001
0000000000000000001010001010101111111111111111110000001101000000
0000000000000000001001110001111011111111111111110000001100000010
0000000000000000001001011001000011111111111111110000001011000101
0000000000000000001001000000001011111111111111110000001010001100
0000000000000000001000100111010011111111111111110000001001010100
0000000000000000001000001110010111111111111111110000001000011111
0000000000000000000111110101011011111111111111110000000111101101
0000000000000000000111011100011111111111111111110000000110111101
0000000000000000000111000011100011111111111111110000000110001111
0000000000000000000110101010100011111111111111110000000101100100
0000000000000000000110010001100011111111111111110000000100111100
0000000000000000000101111000011111111111111111110000000100010101
0000000000000000000101011111011111111111111111110000000011110010
0000000000000000000101000110011011111111111111110000000011010000
0000000000000000000100101101010111111111111111110000000010110010
0000000000000000000100010100010011111111111111110000000010010101
0000000000000000000011111011001111111111111111110000000001111011
0000000000000000000011100010000111111111111111110000000001100100
0000000000000000000011001001000011111111111111110000000001001111
0000000000000000000010101111111011111111111111110000000000111100
0000000000000000000010010110110011111111111111110000000000101100
0000000000000000000001111101101011111111111111110000000000011111
0000000000000000000001100100100011111111111111110000000000010100
0000000000000000000001001011011011111111111111110000000000001011
0000000000000000000000110010010011111111111111110000000000000101
0000000000000000000000011001001011111111111111110000000000000001
0000000000000000000000000000000011111111111111110000000000000000
1111111111111111111111100110111011111111111111110000000000000001
1111111111111111111111001101110011111111111111110000000000000101
1111111111111111111110110100101011111111111111110000000000001011
1111111111111111111110011011100011111111111111110000000000010100
1111111111111111111110000010011011111111111111110000000000011111
1111111111111111111101101001010011111111111111110000000000101100
1111111111111111111101010000001011111111111111110000000000111100
1111111111111111111100110111000011111111111111110000000001001111
1111111111111111111100011101111111111111111111110000000001100100
1111111111111111111100000100110111111111111111110000000001111011
1111111111111111111011101011110011111111111111110000000010010101
1111111111111111111011010010101111111111111111110000000010110010
1111111111111111111010111001101011111111111111110000000011010000
1111111111111111111010100000100111111111111111110000000011110010
1111111111111111111010000111100111111111111111110000000100010101
1111111111111111111001101110100011111111111111110000000100111100
1111111111111111111001010101100011111111111111110000000101100100
1111111111111111111000111100100011111111111111110000000110001111
1111111111111111111000100011100111111111111111110000000110111101
1111111111111111111000001010101011111111111111110000000111101101
1111111111111111110111110001101111111111111111110000001000011111
1111111111111111110111011000110011111111111111110000001001010100
1111111111111111110110111111111011111111111111110000001010001100
1111111111111111110110100111000011111111111111110000001011000101
1111111111111111110110001110001011111111111111110000001100000010
1111111111111111110101110101010111111111111111110000001101000000
1111111111111111110101011100100011111111111111110000001110000001
1111111111111111110101000011110011111111111111110000001111000101
1111111111111111110100101011000011111111111111110000010000001011
1111111111111111110100010010010011111111111111110000010001010011
1111111111111111110011111001100111111111111111110000010010011110
1111111111111111110011100000111111111111111111110000010011101011
1111111111111111110011001000010011111111111111110000010100111011
1111111111111111110010101111101111111111111111110000010110001101
1111111111111111110010010111001011111111111111110000010111100001
1111111111111111110001111110100111111111111111110000011000111000
1111111111111111110001100110000111111111111111110000011010010010
1111111111111111110001001101100111111111111111110000011011101101
1111111111111111110000110101001011111111111111110000011101001100
1111111111111111110000011100110011111111111111110000011110101100
1111111111111111110000000100011011111111111111110000100000001111
1111111111111111101111101100000111111111111111110000100001110100
1111111111111111101111010011110111111111111111110000100011011100
1111111111111111101110111011100111111111111111110000100101000110
1111111111111111101110100011010111111111111111110000100110110010
1111111111111111101110001011001111111111111111110000101000100001
1111111111111111101101110011000111111111111111110000101010010010
1111111111111111101101011011000011111111111111110000101100000110
1111111111111111101101000010111111111111111111110000101101111100
1111111111111111101100101011000011111111111111110000101111110100
1111111111111111101100010011000111111111111111110000110001101111
1111111111111111101011111011001111111111111111110000110011101100
1111111111111111101011100011010111111111111111110000110101101011
1111111111111111101011001011100011111111111111110000110111101101
1111111111111111101010110011110111111111111111110000111001110001
1111111111111111101010011100001011111111111111110000111011110111
1111111111111111101010000100011111111111111111110000111110000000
1111111111111111101001101100111011111111111111110001000000001011
1111111111111111101001010101011011111111111111110001000010011000
1111111111111111101000111101111011111111111111110001000100100111
1111111111111111101000100110011111111111111111110001000110111001
1111111111111111101000001111000111111111111111110001001001001101
1111111111111111100111110111110011111111111111110001001011100100
1111111111111111100111100000100011111111111111110001001101111101
1111111111111111100111001001010111111111111111110001010000011000
1111111111111111100110110010001111111111111111110001010010110101
1111111111111111100110011011001011111111111111110001010101010101
1111111111111111100110000100001011111111111111110001010111110110
1111111111111111100101101101001111111111111111110001011010011010
1111111111111111100101010110010111111111111111110001011101000001
1111111111111111100100111111100011111111111111110001011111101001
1111111111111111100100101000110011111111111111110001100010010100
1111111111111111100100010010000111111111111111110001100101000001
1111111111111111100011111011011111111111111111110001100111110000
1111111111111111100011100100111011111111111111110001101010100010
1111111111111111100011001110011011111111111111110001101101010110
1111111111111111100010111000000011111111111111110001110000001100
1111111111111111100010100001101011111111111111110001110011000100
1111111111111111100010001011011011111111111111110001110101111110
1111111111111111100001110101001111111111111111110001111000111010
1111111111111111100001011111000011111111111111110001111011111001
1111111111111111100001001001000011111111111111110001111110111010
1111111111111111100000110011000011111111111111110010000001111101
1111111111111111100000011101000111111111111111110010000101000010
1111111111111111100000000111010011111111111111110010001000001001
1111111111111111011111110001100011111111111111110010001011010011
1111111111111111011111011011110111111111111111110010001110011110
1111111111111111011111000110010011111111111111110010010001101100
1111111111111111011110110000101111111111111111110010010100111100
1111111111111111011110011011010011111111111111110010011000001110
1111111111111111011110000101111111111111111111110010011011100010
1111111111111111011101110000101011111111111111110010011110111000
1111111111111111011101011011011111111111111111110010100010010000
1111111111111111011101000110011011111111111111110010100101101010
1111111111111111011100110001010111111111111111110010101001000110
1111111111111111011100011100011011111111111111110010101100100101
1111111111111111011100000111100011111111111111110010110000000101
1111111111111111011011110010110011111111111111110010110011101000
1111111111111111011011011110000111111111111111110010110111001100
1111111111111111011011001001100011111111111111110010111010110011
1111111111111111011010110101000011111111111111110010111110011011
1111111111111111011010100000100111111111111111110011000010000110
1111111111111111011010001100010011111111111111110011000101110010
1111111111111111011001111000000011111111111111110011001001100001
1111111111111111011001100011111011111111111111110011001101010010
1111111111111111011001001111110111111111111111110011010001000100
1111111111111111011000111011111011111111111111110011010100111001
1111111111111111011000101000000011111111111111110011011000101111
1111111111111111011000010100010011111111111111110011011100100111
1111111111111111011000000000100111111111111111110011100000100010
1111111111111111010111101101000011111111111111110011100100011110
1111111111111111010111011001100011111111111111110011101000011100
1111111111111111010111000110001011111111111111110011101100011100
1111111111111111010110110010111011111111111111110011110000011110
1111111111111111010110011111101111111111111111110011110100100010
1111111111111111010110001100101011111111111111110011111000101000
1111111111111111010101111001101011111111111111110011111100101111
1111111111111111010101100110110011111111111111110100000000111001
1111111111111111010101010011111111111111111111110100000101000100
1111111111111111010101000001010111111111111111110100001001010001
1111111111111111010100101110110011111111111111110100001101100000
1111111111111111010100011100010011111111111111110100010001110001
1111111111111111010100001001111011111111111111110100010110000011
1111111111111111010011110111101011111111111111110100011010011000
1111111111111111010011100101100011111111111111110100011110101110
1111111111111111010011010011011111111111111111110100100011000110
1111111111111111010011000001100011111111111111110100100111100000
1111111111111111010010101111101111111111111111110100101011111011
1111111111111111010010011110000011111111111111110100110000011000
1111111111111111010010001100011011111111111111110100110100110111
1111111111111111010001111010111011111111111111110100111001011000
1111111111111111010001101001100011111111111111110100111101111010
1111111111111111010001011000001111111111111111110101000010011110
1111111111111111010001000111000111111111111111110101000111000100
1111111111111111010000110110000011111111111111110101001011101100
1111111111111111010000100101000111111111111111110101010000010101
1111111111111111010000010100010011111111111111110101010100111111
1111111111111111010000000011100111111111111111110101011001101100
1111111111111111001111110010111111111111111111110101011110011010
1111111111111111001111100010100011111111111111110101100011001010
1111111111111111001111010010001011111111111111110101100111111011
1111111111111111001111000001111011111111111111110101101100101110
1111111111111111001110110001110011111111111111110101110001100010
1111111111111111001110100001110011111111111111110101110110011000
1111111111111111001110010001111011111111111111110101111011010000
1111111111111111001110000010001011111111111111110110000000001001
1111111111111111001101110010011111111111111111110110000101000100
1111111111111111001101100010111111111111111111110110001010000000
1111111111111111001101010011100111111111111111110110001110111110
1111111111111111001101000100010011111111111111110110010011111101
1111111111111111001100110101001011111111111111110110011000111110
1111111111111111001100100110000111111111111111110110011110000000
1111111111111111001100010111001011111111111111110110100011000100
1111111111111111001100001000011011111111111111110110101000001001
1111111111111111001011111001101111111111111111110110101101010000
1111111111111111001011101011001111111111111111110110110010011000
1111111111111111001011011100110011111111111111110110110111100001
1111111111111111001011001110100011111111111111110110111100101100
1111111111111111001011000000010111111111111111110111000001111000
1111111111111111001010110010010111111111111111110111000111000110
1111111111111111001010100100011011111111111111110111001100010101
1111111111111111001010010110101011111111111111110111010001100110
1111111111111111001010001001000011111111111111110111010110110111
1111111111111111001001111011100011111111111111110111011100001010
1111111111111111001001101110001011111111111111110111100001011111
1111111111111111001001100000111011111111111111110111100110110100
1111111111111111001001010011110011111111111111110111101100001011
1111111111111111001001000110110011111111111111110111110001100100
1111111111111111001000111001111011111111111111110111110110111101
1111111111111111001000101101001111111111111111110111111100011000
1111111111111111001000100000100111111111111111111000000001110100
1111111111111111001000010100001011111111111111111000000111010001
1111111111111111001000000111110111111111111111111000001100110000
1111111111111111000111111011101011111111111111111000010010010000
1111111111111111000111101111100111111111111111111000010111110000
1111111111111111000111100011101011111111111111111000011101010011
1111111111111111000111010111111011111111111111111000100010110110
1111111111111111000111001100010011111111111111111000101000011010
1111111111111111000111000000110011111111111111111000101110000000
1111111111111111000110110101011011111111111111111000110011100110
1111111111111111000110101010001011111111111111111000111001001110
1111111111111111000110011111000011111111111111111000111110110111
1111111111111111000110010100000111111111111111111001000100100001
1111111111111111000110001001010011111111111111111001001010001100
1111111111111111000101111110100111111111111111111001001111111000
1111111111111111000101110100000111111111111111111001010101100101
1111111111111111000101101001101011111111111111111001011011010011
1111111111111111000101011111011011111111111111111001100001000010
1111111111111111000101010101010111111111111111111001100110110010
1111111111111111000101001011010111111111111111111001101100100011
1111111111111111000101000001100011111111111111111001110010010101
1111111111111111000100110111110111111111111111111001111000001000
1111111111111111000100101110010011111111111111111001111101111100
1111111111111111000100100100110111111111111111111010000011110001
1111111111111111000100011011100111111111111111111010001001100111
1111111111111111000100010010011111111111111111111010001111011110
1111111111111111000100001001100011111111111111111010010101010110
1111111111111111000100000000101111111111111111111010011011001110
1111111111111111000011111000000011111111111111111010100001000111
1111111111111111000011101111011111111111111111111010100111000010
1111111111111111000011100111000111111111111111111010101100111101
1111111111111111000011011110110111111111111111111010110010111000
1111111111111111000011010110101111111111111111111010111000110101
1111111111111111000011001110110011111111111111111010111110110011
1111111111111111000011000110111111111111111111111011000100110001
1111111111111111000010111111010011111111111111111011001010110000
1111111111111111000010110111110011111111111111111011010000101111
1111111111111111000010110000011011111111111111111011010110110000
1111111111111111000010101001001011111111111111111011011100110001
1111111111111111000010100010000111111111111111111011100010110011
1111111111111111000010011011001011111111111111111011101000110101
1111111111111111000010010100011011111111111111111011101110111001
1111111111111111000010001101110011111111111111111011110100111101
1111111111111111000010000111010011111111111111111011111011000001
1111111111111111000010000000111111111111111111111100000001000110
1111111111111111000001111010110011111111111111111100000111001100
1111111111111111000001110100110011111111111111111100001101010010
1111111111111111000001101110110111111111111111111100010011011001
1111111111111111000001101001001011111111111111111100011001100001
1111111111111111000001100011100011111111111111111100011111101001
1111111111111111000001011110000111111111111111111100100101110010
1111111111111111000001011000110111111111111111111100101011111011
1111111111111111000001010011101111111111111111111100110010000100
1111111111111111000001001110101111111111111111111100111000001111
1111111111111111000001001001111011111111111111111100111110011001
1111111111111111000001000101001111111111111111111101000100100100
1111111111111111000001000000101111111111111111111101001010110000
1111111111111111000000111100010111111111111111111101010000111100
1111111111111111000000111000000111111111111111111101010111001000
1111111111111111000000110100000011111111111111111101011101010101
1111111111111111000000110000001011111111111111111101100011100010
1111111111111111000000101100010111111111111111111101101001110000
1111111111111111000000101000110011111111111111111101101111111110
1111111111111111000000100101010011111111111111111101110110001100
1111111111111111000000100001111111111111111111111101111100011011
1111111111111111000000011110110111111111111111111110000010101010
1111111111111111000000011011110111111111111111111110001000111001
1111111111111111000000011000111111111111111111111110001111001000
1111111111111111000000010110010011111111111111111110010101011000
1111111111111111000000010011110011111111111111111110011011101000
1111111111111111000000010001010111111111111111111110100001111001
1111111111111111000000001111001011111111111111111110101000001001
1111111111111111000000001101000011111111111111111110101110011010
1111111111111111000000001011001011111111111111111110110100101011
1111111111111111000000001001010111111111111111111110111010111100
1111111111111111000000000111101111111111111111111111000001001101
1111111111111111000000000110010011111111111111111111000111011111
1111111111111111000000000100111111111111111111111111001101110000
1111111111111111000000000011110011111111111111111111010100000010
1111111111111111000000000010110011111111111111111111011010010100
1111111111111111000000000001111111111111111111111111100000100110
1111111111111111000000000001010011111111111111111111100110111000
1111111111111111000000000000101111111111111111111111101101001010
1111111111111111000000000000010111111111111111111111110011011100
1111111111111111000000000000000111111111111111111111111001101110
